<?xml version="1.0" encoding="UTF-8"?>
<map version="1.10" tiledversion="1.11.2" orientation="orthogonal" renderorder="right-down" width="30" height="20" tilewidth="40" tileheight="40" infinite="0" nextlayerid="3" nextobjectid="1">
 <tileset firstgid="1" source="../water block.tsx"/>
 <tileset firstgid="2" source="../player.tsx"/>
 <tileset firstgid="3" source="../brick block.tsx"/>
 <tileset firstgid="4" source="../bush block.tsx"/>
 <tileset firstgid="5" source="../enemy.tsx"/>
 <tileset firstgid="6" source="../flag.tsx"/>
 <tileset firstgid="7" source="../iron block.tsx"/>
 <layer id="1" name="Слой тайлов 1" width="30" height="20">
  <data encoding="csv">
1,1,1,1,1,1,1,1,1,1,1,1,1,1,1,1,1,1,1,1,1,1,1,1,1,1,1,1,1,1,
1,0,0,0,0,0,0,4,4,4,4,0,0,0,0,0,0,0,0,0,0,0,0,0,0,0,0,0,0,1,
1,0,5,0,4,4,4,4,0,0,3,3,3,3,7,3,3,3,3,7,3,3,3,3,3,3,3,0,0,1,
1,0,0,0,0,0,0,0,0,0,3,0,0,0,0,0,0,5,0,0,0,0,0,0,0,0,3,0,0,1,
1,3,3,0,0,0,0,0,0,0,0,0,5,0,0,0,0,0,0,0,0,0,0,0,0,0,0,0,0,1,
1,3,0,0,0,0,0,0,0,0,0,0,0,0,0,0,0,0,0,7,7,7,7,7,0,0,0,5,0,1,
1,7,0,0,4,0,0,0,0,0,0,0,0,0,0,0,0,0,0,0,0,0,0,0,0,3,0,0,0,1,
1,3,3,0,4,0,3,3,3,3,3,3,7,3,3,3,3,3,3,3,0,0,0,0,0,3,3,0,0,1,
1,0,3,0,4,0,0,0,0,0,0,0,0,0,0,0,0,0,0,3,4,4,4,0,0,0,3,0,0,1,
1,0,3,0,4,0,0,0,0,0,0,0,0,0,0,0,0,0,0,3,4,4,4,0,0,0,3,0,0,1,
1,0,3,3,4,0,0,0,0,0,0,0,0,0,0,0,0,0,0,3,4,4,4,0,0,0,3,0,0,1,
1,0,0,3,4,0,0,0,0,0,0,0,0,0,0,0,0,0,0,3,4,4,4,0,0,0,0,3,0,1,
1,0,0,3,0,0,0,3,0,0,0,0,0,0,0,0,3,3,3,3,4,4,4,0,0,0,0,3,0,1,
1,0,0,0,0,0,0,3,0,0,0,0,0,0,0,0,0,0,0,0,0,0,0,0,0,0,0,3,0,1,
1,0,0,0,0,0,0,3,0,0,0,0,0,0,0,0,0,0,0,0,0,0,0,0,0,0,0,3,0,1,
1,0,0,0,0,0,3,3,0,0,0,0,0,0,0,0,0,0,0,0,0,0,7,7,7,7,0,3,0,1,
1,0,0,0,0,0,3,0,0,0,0,0,3,3,3,3,3,0,0,0,0,7,7,0,0,0,3,3,0,1,
1,0,0,0,0,3,3,0,0,2,0,0,3,0,0,0,3,0,0,0,0,0,0,0,0,0,3,0,0,1,
1,0,3,3,3,3,0,0,0,0,0,0,3,0,6,0,3,0,0,0,0,0,0,0,0,0,0,0,0,1,
1,1,1,1,1,1,1,1,1,1,1,1,1,1,1,1,1,1,1,1,1,1,1,1,1,1,1,1,1,1
</data>
 </layer>
</map>
